CASE1-normal: 0.08943315217391304
CASE1-pen: 0.43821739130434784
CASE2-normal:0.47111847826086956
CASE2-pen: 0.6864907608695652